[{"streams":1.0,"in_spotify_playlists":0.7878247876,"in_apple_playlists":0.7744446345,"in_deezer_playlists":0.6001824996,"danceability_%":-0.1007019054,"valence_%":-0.0427867368,"energy_%":-0.0297140593,"acousticness_%":0.0107978839},{"streams":0.7878247876,"in_spotify_playlists":1.0,"in_apple_playlists":0.7080756598,"in_deezer_playlists":0.8244376164,"danceability_%":-0.1032788818,"valence_%":-0.0216482397,"energy_%":0.0396663905,"acousticness_%":-0.0562143591},{"streams":0.7744446345,"in_spotify_playlists":0.7080756598,"in_apple_playlists":1.0,"in_deezer_playlists":0.4722277031,"danceability_%":-0.0256168944,"valence_%":0.0523903015,"energy_%":0.045561689,"acousticness_%":-0.0500282528},{"streams":0.6001824996,"in_spotify_playlists":0.8244376164,"in_apple_playlists":0.4722277031,"in_deezer_playlists":1.0,"danceability_%":-0.074460214,"valence_%":-0.0117749317,"energy_%":0.0842682253,"acousticness_%":-0.0692137856},{"streams":-0.1007019054,"in_spotify_playlists":-0.1032788818,"in_apple_playlists":-0.0256168944,"in_deezer_playlists":-0.074460214,"danceability_%":1.0,"valence_%":0.3978069232,"energy_%":0.1663313574,"acousticness_%":-0.2400920024},{"streams":-0.0427867368,"in_spotify_playlists":-0.0216482397,"in_apple_playlists":0.0523903015,"in_deezer_playlists":-0.0117749317,"danceability_%":0.3978069232,"valence_%":1.0,"energy_%":0.3468203481,"acousticness_%":-0.0660170727},{"streams":-0.0297140593,"in_spotify_playlists":0.0396663905,"in_apple_playlists":0.045561689,"in_deezer_playlists":0.0842682253,"danceability_%":0.1663313574,"valence_%":0.3468203481,"energy_%":1.0,"acousticness_%":-0.5616595772},{"streams":0.0107978839,"in_spotify_playlists":-0.0562143591,"in_apple_playlists":-0.0500282528,"in_deezer_playlists":-0.0692137856,"danceability_%":-0.2400920024,"valence_%":-0.0660170727,"energy_%":-0.5616595772,"acousticness_%":1.0}]