[{"streams":1.0,"in_spotify_playlists":0.7804038504,"in_apple_playlists":0.7353207639,"in_deezer_playlists":0.6108124652,"danceability_%":-0.0932681806,"valence_%":-0.0510136895,"energy_%":-0.0364992733,"acousticness_%":-0.0057509692},{"streams":0.7804038504,"in_spotify_playlists":1.0,"in_apple_playlists":0.6883060232,"in_deezer_playlists":0.8296286385,"danceability_%":-0.0973483959,"valence_%":-0.0295273085,"energy_%":0.0359681369,"acousticness_%":-0.0648955733},{"streams":0.7353207639,"in_spotify_playlists":0.6883060232,"in_apple_playlists":1.0,"in_deezer_playlists":0.4685756114,"danceability_%":-0.0133055525,"valence_%":0.0420171764,"energy_%":0.0402106939,"acousticness_%":-0.0715541804},{"streams":0.6108124652,"in_spotify_playlists":0.8296286385,"in_apple_playlists":0.4685756114,"in_deezer_playlists":1.0,"danceability_%":-0.0701131284,"valence_%":-0.0082986073,"energy_%":0.0819359142,"acousticness_%":-0.0754428834},{"streams":-0.0932681806,"in_spotify_playlists":-0.0973483959,"in_apple_playlists":-0.0133055525,"in_deezer_playlists":-0.0701131284,"danceability_%":1.0,"valence_%":0.391414129,"energy_%":0.1584178026,"acousticness_%":-0.241592898},{"streams":-0.0510136895,"in_spotify_playlists":-0.0295273085,"in_apple_playlists":0.0420171764,"in_deezer_playlists":-0.0082986073,"danceability_%":0.391414129,"valence_%":1.0,"energy_%":0.3496155202,"acousticness_%":-0.0631969191},{"streams":-0.0364992733,"in_spotify_playlists":0.0359681369,"in_apple_playlists":0.0402106939,"in_deezer_playlists":0.0819359142,"danceability_%":0.1584178026,"valence_%":0.3496155202,"energy_%":1.0,"acousticness_%":-0.55259218},{"streams":-0.0057509692,"in_spotify_playlists":-0.0648955733,"in_apple_playlists":-0.0715541804,"in_deezer_playlists":-0.0754428834,"danceability_%":-0.241592898,"valence_%":-0.0631969191,"energy_%":-0.55259218,"acousticness_%":1.0}]